110.800000000000
105.500000000000
101.040000000000
99.9600000000000
99.8800000000000
106.190000000000
123.090000000000
113.170000000000
113.950000000000
122.180000000000
117.640000000000
115.440000000000
118.510000000000
111.520000000000
117.540000000000
113.210000000000
115.660000000000
139.330000000000
138.430000000000
111.980000000000
128.330000000000
108.620000000000
116.430000000000
122.110000000000
112.350000000000
103.750000000000
98.8900000000000
98.9800000000000
98.1800000000000
102.740000000000
121.270000000000
127.610000000000
116.890000000000
125.840000000000
115.480000000000
121.540000000000
125.770000000000
118.810000000000
116.940000000000
124.460000000000
124.570000000000
175.140000000000
151.330000000000
122.550000000000
119.010000000000
107.650000000000
111.820000000000
117.140000000000
104.930000000000
100.700000000000
94.6200000000000
90.7100000000000
93.0900000000000
100.270000000000
117.270000000000
111.920000000000
110.430000000000
106.280000000000
106.050000000000
105.380000000000
105.710000000000
104.580000000000
103.340000000000
102.890000000000
109.390000000000
116.810000000000
120.380000000000
104.330000000000
107.950000000000
104.500000000000
111.960000000000
121.500000000000
102.570000000000
101.500000000000
94.4000000000000
90.3300000000000
91.1300000000000
94.9200000000000
99.9100000000000
104.330000000000
113.540000000000
139.390000000000
109.960000000000
106.800000000000
104.840000000000
104.230000000000
103.370000000000
108.950000000000
114.340000000000
137.670000000000
134.250000000000
106.340000000000
117.530000000000
111.290000000000
118.310000000000
117.360000000000
102.510000000000
99.0600000000000
95.3800000000000
93.4600000000000
91.2800000000000
94.6600000000000
98.7100000000000
101.070000000000
106.160000000000
109.250000000000
110.360000000000
105.810000000000
105.530000000000
102.910000000000
103.310000000000
105.470000000000
112.790000000000
153.600000000000
119.440000000000
105.970000000000
112.730000000000
104.840000000000
106.250000000000
108.950000000000
102.420000000000
99.4500000000000
97.4100000000000
92.5500000000000
95.3300000000000
100.800000000000
120.750000000000
150.680000000000
124.890000000000
127.500000000000
116.730000000000
110.990000000000
107.070000000000
136.380000000000
143.080000000000
117.960000000000
137.890000000000
234.930000000000
138.880000000000
142.790000000000
138.510000000000
109.620000000000
117.490000000000
122.660000000000
107.710000000000
106.020000000000
101.750000000000
94.4300000000000
99.0300000000000
103.690000000000
140.840000000000
124.650000000000
114.980000000000
113.260000000000
120.050000000000
122.090000000000
116.830000000000
113.740000000000
114.320000000000
112.570000000000
114.680000000000
156.240000000000
113.920000000000
113.700000000000
111.950000000000
108.550000000000
118.440000000000
108.370000000000
106.130000000000
100.500000000000
88.9600000000000
88.2300000000000
91.9700000000000
101.410000000000
121.290000000000
110.290000000000
111.430000000000
111.640000000000
112.870000000000
108.900000000000
109
110.420000000000
112.400000000000
109.290000000000
112.610000000000
124.770000000000
111.240000000000
111.510000000000
112.010000000000
105.750000000000
112
110.400000000000
105.590000000000
99.4200000000000
93.4200000000000
90.6900000000000
93.2600000000000
100.920000000000
119.450000000000
115.470000000000
111.790000000000
107.630000000000
109.780000000000
110.660000000000
107.380000000000
121.170000000000
121.400000000000
112.140000000000
114.460000000000
173.020000000000
130.560000000000
124.230000000000
139.060000000000
112.180000000000
110.610000000000
113.920000000000
106.900000000000
103.870000000000
97.9200000000000
92.6900000000000
90.8300000000000
97.8300000000000
116.310000000000
125.900000000000
113.620000000000
109.570000000000
111.970000000000
112.820000000000
113.100000000000
114.820000000000
118.180000000000
109.280000000000
112.060000000000
126.460000000000
113.220000000000
108.740000000000
107.270000000000
106.320000000000
110.270000000000
113.950000000000
106.940000000000
103.150000000000
91.7700000000000
90.7400000000000
90.9500000000000
94.2500000000000
100.160000000000
102.210000000000
113.590000000000
114.160000000000
112.920000000000
107.370000000000
100.450000000000
103.450000000000
100.440000000000
101.910000000000
110.040000000000
110.060000000000
105.670000000000
110.710000000000
116.610000000000
110.870000000000
119.400000000000
113.950000000000
108.650000000000
98.9900000000000
90.8600000000000
89.9900000000000
90.9400000000000
92.8700000000000
95.6000000000000
98.4600000000000
100.470000000000
104.490000000000
104.150000000000
100.360000000000
99.2500000000000
99.0500000000000
99.0700000000000
99.7400000000000
100.340000000000
106.240000000000
105.480000000000
104.750000000000
103.470000000000
100
102.150000000000
104.100000000000
100.520000000000
97.4300000000000
90.0800000000000
90.7300000000000
91.2200000000000
100.420000000000
132.010000000000
147.010000000000
185.500000000000
169.850000000000
135.710000000000
138.630000000000
140.860000000000
123.320000000000
115.870000000000
114.320000000000
119.540000000000
165.090000000000
112.830000000000
113.670000000000
123.160000000000
111.900000000000
118.770000000000
115.230000000000
110.370000000000
105.380000000000
99.0200000000000
95.3700000000000
91.5000000000000
96.6300000000000
118.140000000000
109.550000000000
120.540000000000
114.890000000000
111.710000000000
106.920000000000
106.610000000000
103.590000000000
106.020000000000
106.290000000000
110.830000000000
120.110000000000
113.300000000000
110.080000000000
111.960000000000
105.340000000000
110.670000000000
112.770000000000
105.830000000000
100.470000000000
92.4000000000000
90.9000000000000
91.0100000000000
99.4800000000000
120.660000000000
120.030000000000
114.880000000000
115.300000000000
113.320000000000
113.630000000000
112.490000000000
111.360000000000
109.430000000000
112.980000000000
123.630000000000
137.910000000000
114.150000000000
109.930000000000
108.030000000000
104.170000000000
111.280000000000
109.360000000000
103.890000000000
96.3900000000000
90.4300000000000
90.8800000000000
90.9000000000000
95.2300000000000
115.610000000000
110.700000000000
113.360000000000
114.030000000000
114.040000000000
108.740000000000
109.100000000000
106.980000000000
102.990000000000
107.250000000000
109.980000000000
162.920000000000
117.940000000000
115.520000000000
112.110000000000
102.570000000000
113.810000000000
111.260000000000
105.940000000000
98.4200000000000
90.7400000000000
90.3800000000000
90.9900000000000
98.4800000000000
118.680000000000
124.340000000000
121.600000000000
114.060000000000
111.520000000000
111.370000000000
106.720000000000
106.490000000000
105.340000000000
109.490000000000
110.010000000000
160.730000000000
112.700000000000
113.120000000000
112.760000000000
108.700000000000
121.580000000000
123.590000000000
103.930000000000
98.1300000000000
90.7100000000000
90.7800000000000
90.8900000000000
90.9100000000000
91.4400000000000
102.950000000000
106.810000000000
111.200000000000
109.360000000000
105.440000000000
102.760000000000
101.200000000000
100.900000000000
104.060000000000
110.870000000000
113.520000000000
105.610000000000
105.890000000000
108.310000000000
105.060000000000
109.360000000000
106.680000000000
102.210000000000
96.7400000000000
90.9000000000000
89.6200000000000
88.7300000000000
90.3700000000000
90.8500000000000
95.4400000000000
105.710000000000
105.950000000000
100.990000000000
97.2200000000000
95.2900000000000
93.3700000000000
96.3100000000000
100.050000000000
104.250000000000
129.680000000000
117.490000000000
112.570000000000
110.420000000000
102.890000000000
107.640000000000
104.520000000000
105.330000000000
92.1800000000000
90.0600000000000
89.8700000000000
89.9400000000000
98.2100000000000
119.850000000000
132.880000000000
127.700000000000
117.070000000000
114.860000000000
111.700000000000
114.580000000000
111.670000000000
107.480000000000
108
119.600000000000
148.080000000000
113.940000000000
112.220000000000
113.890000000000
103.710000000000
108.390000000000
110.720000000000
105.770000000000
96.9800000000000
91.0200000000000
90.9200000000000
90.8600000000000
99.4500000000000
145.720000000000
130.800000000000
122.530000000000
111.730000000000
108.680000000000
109.840000000000
107.760000000000
104.640000000000
107.320000000000
106.400000000000
117.560000000000
164.830000000000
179.660000000000
119.300000000000
125.320000000000
105.320000000000
118.200000000000
116.770000000000
110.590000000000
106.060000000000
96.9600000000000
90.8200000000000
91.7400000000000
99.4500000000000
236.130000000000
160.660000000000
138.990000000000
127.720000000000
114.420000000000
116.070000000000
119.560000000000
117.200000000000
122.730000000000
124.270000000000
122.920000000000
212.410000000000
164.590000000000
109.460000000000
119.230000000000
106.370000000000
128.510000000000
114.410000000000
106.680000000000
102.620000000000
90.6200000000000
90.8900000000000
90.9500000000000
90.2300000000000
119.690000000000
117.420000000000
106.200000000000
99.8000000000000
100.850000000000
105.050000000000
108.470000000000
110.690000000000
112.520000000000
110.700000000000
110.610000000000
129.240000000000
106.040000000000
111.640000000000
126.150000000000
101.770000000000
142.270000000000
113.820000000000
112.110000000000
104.770000000000
94.5700000000000
90.5400000000000
92.1000000000000
95.9000000000000
120.900000000000
152.450000000000
141.710000000000
124.050000000000
117.200000000000
118.660000000000
113.260000000000
111.440000000000
115.450000000000
113.270000000000
130.650000000000
243.990000000000
158.300000000000
114.160000000000
117.560000000000
105.050000000000
116.370000000000
110.480000000000
105.810000000000
104.570000000000
92.9000000000000
90.8900000000000
92.8100000000000
94.3100000000000
91.5700000000000
98.6700000000000
104.550000000000
109.180000000000
104.030000000000
101.320000000000
94.6800000000000
95.5700000000000
92.7700000000000
95.8800000000000
102.970000000000
127.170000000000
109
103.230000000000
104.240000000000
104.380000000000
106.750000000000
104.120000000000
100.880000000000
97.9400000000000
90.8000000000000
90.5400000000000
90.5600000000000
90.4100000000000
90.8100000000000
91.6200000000000
101.390000000000
103.050000000000
100.710000000000
97.8400000000000
95.2600000000000
96.4800000000000
94.3200000000000
98.9700000000000
107.060000000000
130.820000000000
114.910000000000
107.010000000000
106.100000000000
101.790000000000
105.800000000000
105.230000000000
101.270000000000
101.780000000000
94.8400000000000
92.7100000000000
92.5000000000000
110.120000000000
144.800000000000
117.720000000000
126.890000000000
113.180000000000
107.310000000000
105.960000000000
105.780000000000
106.110000000000
102.390000000000
106.260000000000
104.490000000000
141.110000000000
125.620000000000
114.340000000000
108.610000000000
101.770000000000
128.840000000000
106.490000000000
107.990000000000
106.220000000000
99.6300000000000
92.4300000000000
100.990000000000
105.370000000000
113.590000000000
111.940000000000
111.760000000000
114.210000000000
112.520000000000
106.350000000000
111.140000000000
108.080000000000
105.180000000000
108.690000000000
114
115.360000000000
112.330000000000
119.100000000000
109.050000000000
97
109.280000000000
110.310000000000
104.940000000000
102.450000000000
91.2800000000000
90.8900000000000
90.3700000000000
93.7700000000000
111.680000000000
110.790000000000
110.510000000000
106.290000000000
107.890000000000
106.680000000000
104.780000000000
97.5900000000000
100.620000000000
104.560000000000
109.560000000000
113.980000000000
107.270000000000
107.450000000000
104.960000000000
98.4300000000000
104.170000000000
107.090000000000
104.790000000000
98.0300000000000
91.7900000000000
90.2500000000000
90.6900000000000
92.4700000000000
110.210000000000
111.240000000000
106.930000000000
109.550000000000
107.320000000000
106.350000000000
104.580000000000
106.870000000000
104.740000000000
106.240000000000
109.820000000000
107.070000000000
112.800000000000
105.060000000000
105.750000000000
97.2100000000000
107.490000000000
105.260000000000
99.2900000000000
94.1500000000000
89.9100000000000
88.4600000000000
89.5200000000000
92.8500000000000
107.290000000000
109.100000000000
109.070000000000
105.480000000000
105.550000000000
105.660000000000
104.140000000000
105.740000000000
105.900000000000
105.970000000000
105.950000000000
116.290000000000
105.620000000000
105.590000000000
104.360000000000
100.780000000000
108.660000000000
107.230000000000